t x yaw 
0.0 1.0 1.0
0.03 1.0 1.0
0.06 1.0 1.0
0.09 1.0 1.0
0.12 1.0 1.0
0.15 1.0 1.0
0.18 1.0 1.0
0.21 1.0 1.0
0.24 1.0 1.0
0.27 1.0 1.0
0.30000000000000004 1.0 1.0
0.33000000000000007 1.0 1.0
0.3600000000000001 1.0 1.0
0.3900000000000001 1.0 1.0
0.42000000000000015 1.0 1.0
0.4500000000000002 1.0 1.0
0.4800000000000002 1.0 1.0
0.5100000000000002 1.0 1.0
0.5400000000000003 1.0 1.0
0.5700000000000003 1.0 1.0
0.6000000000000003 1.0 1.0
0.6300000000000003 1.0 1.0
0.6600000000000004 1.0 1.0
0.6900000000000004 1.0 1.0
0.7200000000000004 1.0 1.0
0.7500000000000004 1.0 1.0
0.7800000000000005 1.0 1.0
0.8100000000000005 1.0 1.0
0.8400000000000005 1.0 1.0
0.8700000000000006 1.0 1.0
0.9000000000000006 1.0 1.0
0.9300000000000006 1.0 1.0
0.9600000000000006 1.0 1.0
0.9900000000000007 1.0 1.0
1.0200000000000007 1.0 1.0
1.0500000000000007 1.0 1.0
1.0800000000000007 1.0 1.0
1.1100000000000008 1.0 1.0
1.1400000000000008 1.0 1.0
1.1700000000000008 1.0 1.0
1.2000000000000008 1.0 1.0
1.2300000000000009 1.0 1.0
1.260000000000001 1.0 1.0
1.290000000000001 1.0 1.0
1.320000000000001 1.0 1.0
1.350000000000001 1.0 1.0
1.380000000000001 1.0 1.0
1.410000000000001 1.0 1.0
1.440000000000001 1.0 1.0
1.470000000000001 1.0 1.0
1.500000000000001 1.0 1.0
1.5300000000000011 1.0 1.0
1.5600000000000012 1.0 1.0
1.5900000000000012 1.0 1.0
1.6200000000000012 1.0 1.0
1.6500000000000012 1.0 1.0
1.6800000000000013 1.0 1.0
1.7100000000000013 1.0 1.0
1.7400000000000013 1.0 1.0
1.7700000000000014 1.0 1.0
1.8000000000000014 1.0 1.0
1.8300000000000014 1.0 1.0
1.8600000000000014 1.0 1.0
1.8900000000000015 1.0 1.0
1.9200000000000015 1.0 1.0
1.9500000000000015 1.0 1.0
1.9800000000000015 1.0 1.0
2.0100000000000016 1.0 1.0
2.0400000000000014 1.0 1.0
2.070000000000001 1.0 1.0
2.100000000000001 1.0 1.0
2.130000000000001 1.0 1.0
2.1600000000000006 1.0 1.0
2.1900000000000004 1.0 0.9851491805547649
2.22 1.0 0.9367356848064194
2.25 1.0 0.888322189058074
2.28 1.0 0.8399086933097286
2.3099999999999996 1.0 0.7914951975613832
2.3399999999999994 1.0 0.7430817018130378
2.369999999999999 1.0 0.6946682060646924
2.399999999999999 1.0 0.646254710316347
2.429999999999999 1.0 0.5978412145680015
2.4599999999999986 1.0 0.5494277188196561
2.4899999999999984 1.0 0.5010142230713107
2.5199999999999982 1.0 0.4526007273229653
2.549999999999998 1.0 0.4041872315746199
2.579999999999998 1.0 0.3557737358262745
2.6099999999999977 1.0 0.30736024007792895
2.6399999999999975 1.0 0.25894674432958364
2.6699999999999973 1.0 0.21053324858123834
2.699999999999997 1.0 0.16211975283289282
2.729999999999997 1.0 0.11370625708454729
2.7599999999999967 1.0 0.06529276133620199
2.7899999999999965 1.0 0.016879265587856684
2.8199999999999963 1.0 -0.03153423016048884
2.849999999999996 1.0 -0.07994772590883437
2.879999999999996 1.0 -0.12836122165717967
2.9099999999999957 1.0 -0.17677471740552497
2.9399999999999955 1.0 -0.2251882131538705
2.9699999999999953 1.0 -0.2897395408183311
2.999999999999995 1.0 -0.30991224283874685
3.029999999999995 1.0 -0.3300849448591626
3.0599999999999947 1.0 -0.3502576468795784
3.0899999999999945 1.0 -0.37043034889999416
3.1199999999999943 1.0 -0.3906030509204099
3.149999999999994 1.0 -0.4107757529408257
3.179999999999994 1.0 -0.43094845496124146
3.2099999999999937 1.0 -0.4511211569816572
3.2399999999999936 1.0 -0.471293859002073
3.2699999999999934 1.0 -0.49146656102248876
3.299999999999993 1.0 -0.5116392630429045
3.329999999999993 1.0 -0.5318119650633203
3.3599999999999928 1.0 -0.5519846670837361
3.3899999999999926 1.0 -0.5721573691041518
3.4199999999999924 1.0 -0.5923300711245676
3.449999999999992 1.0 -0.6125027731449832
3.479999999999992 1.0 -0.6326754751653991
3.509999999999992 1.0 -0.6528481771858148
3.5399999999999916 1.0 -0.6730208792062307
3.5699999999999914 1.0 -0.6931935812266463
3.599999999999991 1.0 -0.7133662832470622
3.629999999999991 1.0 -0.7335389852674778
3.659999999999991 1.0 -0.7537116872878937
3.6899999999999906 1.0 -0.7738843893083095
3.7199999999999904 1.0 -0.7940570913287253
3.7499999999999902 1.0 -0.814229793349141
3.77999999999999 1.0 -0.8344024953695568
3.80999999999999 1.0 -0.8545751973899726
3.8399999999999896 1.0 -0.8747478994103883
3.8699999999999894 1.0 -0.8949206014308041
3.8999999999999893 1.0 -0.9150933034512199
3.929999999999989 1.0 -0.9352660054716355
3.959999999999989 1.0 -0.9621629414988566
3.9899999999999887 1.0 -0.9708696372418917
4.019999999999989 1.0 -0.9795763329849269
4.049999999999989 1.0 -0.9882830287279619
4.079999999999989 1.0 -0.9969897244709971
4.10999999999999 1.0 -1.0
4.13999999999999 1.0 -1.0
4.16999999999999 1.0 -1.0
4.19999999999999 1.0 -1.0
4.229999999999991 1.0 -1.0
4.259999999999991 1.0 -1.0
4.289999999999991 1.0 -1.0
4.319999999999991 1.0 -1.0
4.349999999999992 1.0 -1.0
4.379999999999992 1.0 -1.0
4.409999999999992 1.0 -1.0
4.439999999999992 1.0 -1.0
4.469999999999993 1.0 -1.0
4.499999999999993 1.0 -1.0
4.529999999999993 1.0 -1.0
4.559999999999993 1.0 -1.0
4.589999999999994 1.0 -1.0
4.619999999999994 1.0 -1.0
4.649999999999994 1.0 -1.0
4.679999999999994 1.0 -1.0
4.709999999999995 1.0 -1.0
4.739999999999995 1.0 -1.0
4.769999999999995 1.0 -1.0
4.799999999999995 1.0 -1.0
4.829999999999996 1.0 -1.0
4.859999999999996 1.0 -1.0
4.889999999999996 1.0 -1.0
4.919999999999996 1.0 -1.0
4.949999999999997 1.0 -1.0
4.979999999999997 1.0 -1.0
5.009999999999997 1.0 -1.0
5.039999999999997 1.0 -1.0
5.069999999999998 1.0 -1.0
5.099999999999998 1.0 -1.0
5.129999999999998 1.0 -1.0
5.159999999999998 1.0 -1.0
5.189999999999999 1.0 -1.0
5.219999999999999 1.0 -1.0
5.249999999999999 1.0 -1.0
5.279999999999999 1.0 -1.0
5.31 1.0 -1.0
5.34 1.0 -1.0
5.37 1.0 -1.0
5.4 1.0 -1.0
