t x yaw 
0.0 0.9752013593886882 0.9010021500403276
0.03 1.0 0.9184572926773278
0.06 1.0 0.935912435314328
0.09 1.0 0.9533675779513282
0.12 1.0 0.9708227205883284
0.15 1.0 0.9882778632253286
0.18 1.0 1.0
0.21 1.0 1.0
0.24 1.0 1.0
0.27 1.0 1.0
0.30000000000000004 1.0 1.0
0.33000000000000007 1.0 1.0
0.3600000000000001 1.0 1.0
0.3900000000000001 1.0 1.0
0.42000000000000015 1.0 1.0
0.4500000000000002 1.0 1.0
0.4800000000000002 1.0 1.0
0.5100000000000002 1.0 1.0
0.5400000000000003 1.0 1.0
0.5700000000000003 1.0 1.0
0.6000000000000003 1.0 1.0
0.6300000000000003 1.0 1.0
0.6600000000000004 1.0 1.0
0.6900000000000004 1.0 1.0
0.7200000000000004 1.0 1.0
0.7500000000000004 1.0 1.0
0.7800000000000005 1.0 1.0
0.8100000000000005 1.0 1.0
0.8400000000000005 1.0 1.0
0.8700000000000006 1.0 1.0
0.9000000000000006 1.0 1.0
0.9300000000000006 1.0 1.0
0.9600000000000006 1.0 1.0
0.9900000000000007 1.0 1.0
1.0200000000000007 1.0 1.0
1.0500000000000007 1.0 1.0
1.0800000000000007 1.0 1.0
1.1100000000000008 1.0 1.0
1.1400000000000008 1.0 1.0
1.1700000000000008 1.0 1.0
1.2000000000000008 1.0 1.0
1.2300000000000009 1.0 1.0
1.260000000000001 1.0 1.0
1.290000000000001 1.0 1.0
1.320000000000001 1.0 1.0
1.350000000000001 1.0 1.0
1.380000000000001 1.0 1.0
1.410000000000001 1.0 1.0
1.440000000000001 1.0 1.0
1.470000000000001 1.0 1.0
1.500000000000001 1.0 1.0
1.5300000000000011 1.0 1.0
1.5600000000000012 1.0 1.0
1.5900000000000012 1.0 1.0
1.6200000000000012 1.0 1.0
1.6500000000000012 1.0 1.0
1.6800000000000013 1.0 1.0
1.7100000000000013 1.0 1.0
1.7400000000000013 1.0 1.0
1.7700000000000014 1.0 1.0
1.8000000000000014 1.0 1.0
1.8300000000000014 1.0 1.0
1.8600000000000014 1.0 1.0
1.8900000000000015 1.0 1.0
1.9200000000000015 1.0 1.0
1.9500000000000015 1.0 1.0
1.9800000000000015 1.0 1.0
2.0100000000000016 1.0 1.0
2.0400000000000014 1.0 1.0
2.070000000000001 1.0 1.0
2.100000000000001 1.0 1.0
2.130000000000001 1.0 1.0
2.1600000000000006 1.0 1.0
2.1900000000000004 1.0 1.0
2.22 1.0 1.0
2.25 1.0 1.0
2.28 1.0 0.9375849030089891
2.3099999999999996 1.0 0.8374225975329794
2.3399999999999994 1.0 0.7372602920569697
2.369999999999999 1.0 0.6370979865809598
2.399999999999999 1.0 0.5369356811049502
2.429999999999999 1.0 0.4367733756289407
2.4599999999999986 1.0 0.3366110701529308
2.4899999999999984 1.0 0.2364487646769209
2.5199999999999982 1.0 0.13628645920091143
2.549999999999998 1.0 0.03612415372490174
2.579999999999998 1.0 -0.06403815175110816
2.6099999999999977 1.0 -0.16420045722711807
2.6399999999999975 1.0 -0.26436276270312753
2.6699999999999973 1.0 -0.364525068179137
2.699999999999997 1.0 -0.4646873736551469
2.729999999999997 1.0 -0.5648496791311568
2.7599999999999967 1.0 -0.6650119846071667
2.7899999999999965 1.0 -0.7651742900831762
2.8199999999999963 1.0 -0.8653365955591861
2.849999999999996 1.0 -0.9654989010351955
2.879999999999996 1.0 -1.0
2.9099999999999957 1.0 -1.0
2.9399999999999955 1.0 -1.0
2.9699999999999953 1.0 -1.0
2.999999999999995 1.0 -1.0
3.029999999999995 1.0 -1.0
3.0599999999999947 1.0 -1.0
3.0899999999999945 1.0 -1.0
3.1199999999999943 1.0 -0.9926778609804476
3.149999999999994 1.0 -0.9113063215569561
3.179999999999994 1.0 -0.8299347821334647
3.2099999999999937 1.0 -0.7485632427099733
3.2399999999999936 1.0 -0.6671917032864819
3.2699999999999934 1.0 -0.5858201638629905
3.299999999999993 1.0 -0.504448624439499
3.329999999999993 1.0 -0.4230770850160075
3.3599999999999928 1.0 -0.3417055455925162
3.3899999999999926 1.0 -0.2603340061690247
3.4199999999999924 1.0 -0.1789624667455334
3.449999999999992 1.0 -0.09759092732204189
3.479999999999992 0.9575885840702092 -0.016219387898550375
3.509999999999992 0.8962702654861037 0.06515215152494092
3.5399999999999916 0.8349519469019984 0.14652369094843243
3.5699999999999914 0.7736336283178931 0.22789523037192372
3.599999999999991 0.7123153097337875 0.30926676979541523
3.629999999999991 0.6509969911496822 0.39063830921890674
3.659999999999991 0.5896786725655769 0.47200984864239803
3.6899999999999906 0.5283603539814714 0.5533813880658898
3.7199999999999904 0.46704203539736633 0.6347529274893813
3.7499999999999902 0.405723716813261 0.7161244669128723
3.77999999999999 0.3444053982291557 0.7974960063363639
3.80999999999999 0.2830870796450502 0.8788675457598554
3.8399999999999896 0.2217687610609449 0.9602390851833469
3.8699999999999894 0.1604504424768396 1.0
3.8999999999999893 0.09913212389273407 1.0
3.929999999999989 0.03781380530862877 1.0
3.959999999999989 0.0 1.0
3.9899999999999887 0.0 1.0
4.019999999999989 0.008647869439910985 1.0
4.049999999999989 0.034943780561622236 1.0
4.079999999999989 0.06123969168333348 0.9566446417089947
4.10999999999999 0.08753560280504472 0.867593529798291
4.13999999999999 0.11383151392675597 0.7785424178875872
4.16999999999999 0.14012742504846723 0.6894913059768835
4.19999999999999 0.16642333617017846 0.6004401940661798
4.229999999999991 0.19271924729188972 0.5113890821554761
4.259999999999991 0.21901515841360095 0.4223379702447725
4.289999999999991 0.2453110695353122 0.3332868583340688
4.319999999999991 0.2716069806570235 0.24423574642336487
4.349999999999992 0.29790289177873475 0.1551846345126613
4.379999999999992 0.324198802900446 0.06613352260195748
4.409999999999992 0.35049471402215726 -0.0229175893087461
4.439999999999992 0.37679062514386846 -0.1119687012194499
4.469999999999993 0.4030865362655797 -0.2010198131301535
4.499999999999993 0.429382447387291 -0.2900709250408573
4.529999999999993 0.45567835850900223 -0.3791220369515609
4.559999999999993 0.48197426963071344 -0.46817314886226447
4.589999999999994 0.5082701807524247 -0.5572242607729685
4.619999999999994 0.534566091874136 -0.6462753726836719
4.649999999999994 0.5608620029958472 -0.7353264845943759
4.679999999999994 0.5871579141175585 -0.8243775965050797
4.709999999999995 0.6134538252392697 -0.913428708415783
4.739999999999995 0.639749736360981 -1.0
4.769999999999995 0.6660456474826922 -1.0
4.799999999999995 0.6923415586044035 -1.0
4.829999999999996 0.7186374697261148 -1.0
4.859999999999996 0.744933380847826 -1.0
4.889999999999996 0.7712292919695373 -1.0
4.919999999999996 0.7975252030912484 -1.0
4.949999999999997 0.8325864179201968 -1.0
4.979999999999997 0.8436613644250273 -1.0
5.009999999999997 0.8547363109298578 -1.0
5.039999999999997 0.8658112574346882 -1.0
5.069999999999998 0.8768862039395187 -1.0
5.099999999999998 0.8879611504443492 -1.0
5.129999999999998 0.8990360969491796 -1.0
5.159999999999998 0.9101110434540101 -1.0
5.189999999999999 0.9211859899588406 -1.0
5.219999999999999 0.932260936463671 -1.0
5.249999999999999 0.9433358829685015 -1.0
5.279999999999999 0.954410829473332 -1.0
5.31 0.9654857759781624 -1.0
5.34 0.9765607224829929 -1.0
5.37 0.9876356689878234 -1.0
5.4 0.9987106154926538 -1.0
5.430000000000001 1.0 -1.0
5.460000000000001 1.0 -1.0
5.490000000000001 1.0 -1.0
5.520000000000001 1.0 -1.0
5.550000000000002 1.0 -1.0
5.580000000000002 1.0 -1.0
5.610000000000002 1.0 -1.0
5.640000000000002 1.0 -1.0
5.670000000000003 1.0 -1.0
5.700000000000003 1.0 -1.0
5.730000000000003 1.0 -0.9779570303372302
5.760000000000003 1.0 -0.951896865824368
5.790000000000004 1.0 -0.9258367013115059
5.820000000000004 1.0 -0.8997765367986437
5.850000000000004 1.0 -0.8737163722857815
5.880000000000004 1.0 -0.8476562077729193
5.910000000000005 1.0 -0.8215960432600571
5.940000000000005 1.0 -0.7868491572429075
5.970000000000005 1.0 -0.8186210283852181
6.000000000000005 1.0 -0.8503928995275287
6.030000000000006 0.9811092349300343 -0.8821647706698394
6.060000000000006 0.9075618794351972 -0.9139366418121501
6.090000000000006 0.8340145239403601 -0.9457085129544607
6.120000000000006 0.760467168445523 -0.9774803840967713
6.150000000000007 0.6869198129506858 -1.0
6.180000000000007 0.6133724574558487 -1.0
6.210000000000007 0.5398251019610116 -1.0
6.240000000000007 0.4662777464661745 -1.0
