t x yaw 
0.0 1.0 0.8787870154666602
0.03 1.0 0.9124234050026604
0.06 1.0 0.9460597945386605
0.09 1.0 0.9796961840746607
0.12 1.0 1.0
0.15 1.0 1.0
0.18 1.0 1.0
0.21 1.0 1.0
0.24 1.0 1.0
0.27 1.0 1.0
0.30000000000000004 1.0 1.0
0.33000000000000007 1.0 1.0
0.3600000000000001 1.0 1.0
0.3900000000000001 1.0 1.0
0.42000000000000015 1.0 1.0
0.4500000000000002 1.0 1.0
0.4800000000000002 1.0 1.0
0.5100000000000002 1.0 1.0
0.5400000000000003 1.0 1.0
0.5700000000000003 1.0 1.0
0.6000000000000003 1.0 1.0
0.6300000000000003 1.0 1.0
0.6600000000000004 1.0 1.0
0.6900000000000004 1.0 1.0
0.7200000000000004 1.0 1.0
0.7500000000000004 1.0 1.0
0.7800000000000005 1.0 1.0
0.8100000000000005 0.9882215722116543 1.0
0.8400000000000005 0.9508065268908306 1.0
0.8700000000000006 0.9133914815700068 1.0
0.9000000000000006 0.8759764362491831 1.0
0.9300000000000006 0.8385613909283594 1.0
0.9600000000000006 0.8011463456075356 1.0
0.9900000000000007 0.751259618513104 1.0
1.0200000000000007 0.7811035521594281 1.0
1.0500000000000007 0.810947485805752 1.0
1.0800000000000007 0.8407914194520761 1.0
1.1100000000000008 0.8706353530984002 1.0
1.1400000000000008 0.9004792867447242 1.0
1.1700000000000008 0.9303232203910483 1.0
1.2000000000000008 0.9601671540373724 1.0
1.2300000000000009 0.9900110876836965 1.0
1.260000000000001 1.0 1.0
1.290000000000001 1.0 1.0
1.320000000000001 1.0 1.0
1.350000000000001 1.0 1.0
1.380000000000001 1.0 1.0
1.410000000000001 1.0 1.0
1.440000000000001 1.0 1.0
1.470000000000001 1.0 1.0
1.500000000000001 1.0 1.0
1.5300000000000011 1.0 1.0
1.5600000000000012 1.0 1.0
1.5900000000000012 1.0 1.0
1.6200000000000012 1.0 1.0
1.6500000000000012 1.0 1.0
1.6800000000000013 1.0 1.0
1.7100000000000013 1.0 1.0
1.7400000000000013 1.0 1.0
1.7700000000000014 1.0 1.0
1.8000000000000014 1.0 1.0
1.8300000000000014 1.0 1.0
1.8600000000000014 1.0 1.0
1.8900000000000015 1.0 1.0
1.9200000000000015 1.0 1.0
1.9500000000000015 1.0 1.0
1.9800000000000015 1.0 1.0
2.0100000000000016 1.0 1.0
2.0400000000000014 1.0 1.0
2.070000000000001 1.0 1.0
2.100000000000001 1.0 1.0
2.130000000000001 1.0 1.0
2.1600000000000006 1.0 1.0
2.1900000000000004 1.0 1.0
2.22 1.0 1.0
2.25 1.0 1.0
2.28 1.0 1.0
2.3099999999999996 1.0 1.0
2.3399999999999994 1.0 1.0
2.369999999999999 1.0 0.9417838128541131
2.399999999999999 1.0 0.8722892114326056
2.429999999999999 1.0 0.8027946100110983
2.4599999999999986 1.0 0.7333000085895911
2.4899999999999984 1.0 0.6638054071680839
2.5199999999999982 1.0 0.5943108057465765
2.549999999999998 1.0 0.524816204325069
2.579999999999998 1.0 0.45532160290356183
2.6099999999999977 1.0 0.3858270014820546
2.6399999999999975 1.0 0.31633240006054697
2.6699999999999973 0.980118286239176 0.24683779863903976
2.699999999999997 0.9468165853485355 0.17734319721753256
2.729999999999997 0.9135148844578951 0.10784859579602535
2.7599999999999967 0.8802131835672546 0.03835399437451792
2.7899999999999965 0.8469114826766141 -0.03114060704698951
2.8199999999999963 0.8136097817859738 -0.10063520846849694
2.849999999999996 0.7803080808953334 -0.17012980989000415
2.879999999999996 0.7470063800046929 -0.23962441131151158
2.9099999999999957 0.7137046791140524 -0.309119012733019
2.9399999999999955 0.680402978223412 -0.378613614154526
2.9699999999999953 0.6360007103692247 -0.4712730827165361
2.999999999999995 0.662597956055865 -0.47265694634062805
3.029999999999995 0.6891952017425053 -0.4740408099647199
3.0599999999999947 0.7157924474291456 -0.47542467358881185
3.0899999999999945 0.7423896931157858 -0.4768085372129037
3.1199999999999943 0.7689869388024262 -0.47819240083699566
3.149999999999994 0.7955841844890665 -0.4795762644610876
3.179999999999994 0.8221814301757068 -0.48096012808517946
3.2099999999999937 0.8487786758623471 -0.4823439917092714
3.2399999999999936 0.8753759215489875 -0.48372785533336327
3.2699999999999934 0.9019731672356277 -0.4851117189574552
3.299999999999993 0.928570412922268 -0.4864955825815471
3.329999999999993 0.9551676586089084 -0.487879446205639
3.3599999999999928 0.9817649042955487 -0.48926330982973093
3.3899999999999926 1.0 -0.4906471734538228
3.4199999999999924 1.0 -0.49203103707791473
3.449999999999992 1.0 -0.49341490070200666
3.479999999999992 1.0 -0.49479876432609854
3.509999999999992 1.0 -0.49618262795019047
3.5399999999999916 1.0 -0.49756649157428234
3.5699999999999914 1.0 -0.4989503551983743
3.599999999999991 1.0 -0.5003342188224662
3.629999999999991 1.0 -0.5017180824465581
3.659999999999991 1.0 -0.50310194607065
3.6899999999999906 1.0 -0.5044858096947419
3.7199999999999904 1.0 -0.5058696733188338
3.7499999999999902 1.0 -0.5072535369429257
3.77999999999999 1.0 -0.5086374005670177
3.80999999999999 1.0 -0.5100212641911095
3.8399999999999896 1.0 -0.5114051278152014
3.8699999999999894 1.0 -0.5127889914392934
3.8999999999999893 1.0 -0.5141728550633853
3.929999999999989 1.0 -0.5155567186874772
3.959999999999989 1.0 -0.5174018701862664
3.9899999999999887 1.0 -0.5618798140806784
4.019999999999989 1.0 -0.6063577579750904
4.049999999999989 1.0 -0.6508357018695023
4.079999999999989 1.0 -0.6953136457639144
4.10999999999999 1.0 -0.7397915896583264
4.13999999999999 1.0 -0.7842695335527384
4.16999999999999 1.0 -0.8287474774471504
4.19999999999999 1.0 -0.8732254213415624
4.229999999999991 1.0 -0.9177033652359745
4.259999999999991 1.0 -0.9621813091303864
4.289999999999991 1.0 -1.0
4.319999999999991 1.0 -1.0
4.349999999999992 1.0 -1.0
4.379999999999992 1.0 -1.0
4.409999999999992 1.0 -1.0
4.439999999999992 1.0 -1.0
4.469999999999993 1.0 -1.0
4.499999999999993 1.0 -1.0
4.529999999999993 1.0 -1.0
4.559999999999993 1.0 -1.0
4.589999999999994 1.0 -1.0
4.619999999999994 1.0 -1.0
4.649999999999994 1.0 -1.0
4.679999999999994 1.0 -1.0
4.709999999999995 1.0 -1.0
4.739999999999995 1.0 -1.0
4.769999999999995 1.0 -1.0
4.799999999999995 1.0 -1.0
4.829999999999996 1.0 -1.0
4.859999999999996 1.0 -1.0
4.889999999999996 1.0 -1.0
4.919999999999996 1.0 -1.0
4.949999999999997 1.0 -1.0
4.979999999999997 1.0 -1.0
5.009999999999997 1.0 -1.0
5.039999999999997 1.0 -1.0
5.069999999999998 1.0 -1.0
5.099999999999998 1.0 -1.0
5.129999999999998 1.0 -1.0
5.159999999999998 1.0 -1.0
5.189999999999999 1.0 -1.0
5.219999999999999 1.0 -1.0
5.249999999999999 1.0 -1.0
5.279999999999999 1.0 -1.0
5.31 1.0 -1.0
5.34 1.0 -1.0
5.37 1.0 -1.0
5.4 0.9536573667477187 -1.0
5.430000000000001 0.8912565882006501 -1.0
5.460000000000001 0.8288558096535814 -1.0
5.490000000000001 0.7664550311065128 -1.0
5.520000000000001 0.704054252559444 -1.0
5.550000000000002 0.6416534740123754 -0.9480893507285062
5.580000000000002 0.5792526954653068 -0.8954938182649315
5.610000000000002 0.516851916918238 -0.8428982858013567
